route A (multiplicity representation): n p(n) #distinct #collisions digest
1 1 1 0 8
2 2 1 0 114
3 3 2 0 1599
4 5 3 0 27984
5 7 4 0 509299
6 11 6 0 10420778
7 15 8 0 222673081
8 22 12 0 5132948493
9 30 16 0 123216952035
10 42 22 0 3126121145119
11 56 29 0 82258592213189
12 77 40 0 2260777478569792
13 101 52 0 64193220597644211
14 135 69 0 1889461243875258832
15 176 90 0 1922380254048900406
16 231 118 0 253782084553653727
17 297 151 0 782242614681403736
18 385 195 0 1366789721438723553
19 490 248 0 980673294467909573
20 627 317 0 153595420338191684
21 792 400 0 306280355564114013
22 1002 505 0 1831427116923885425
23 1255 632 0 616274739371896940
24 1575 793 0 2125805669279474676
25 1958 985 0 2133690765788453022
26 2436 1224 0 451427334668990646
27 3010 1512 0 1995720202717185660
28 3718 1867 0 38450365757864749
29 4565 2291 0 2013683290286281288
30 5604 2811 0 2256272504203865836
31 6842 3431 0 1776432364215639134
32 8349 4186 0 1511883852783721810
33 10143 5084 0 408684443524747020
34 12310 6168 0 850919154914257675
35 14883 7456 0 448612900815116345
36 17977 9005 0 172615589627799341
37 21637 10836 0 1429326353892471104
38 26015 13026 0 1290567302857411908
39 31185 15613 0 67006514382270389
40 37338 18692 0 2037571763665077570
route B (up-chains + identity) agrees with route A for all partitions of n <= 24: YES
