# n  p(n)  #distinct_dvectors  #symmetric  #transpose_pairs  #collision_groups  sha256(sorted dvectors)  digest_mod_2^61-1
0 1 1 1 0 0 4355a46b19d348dc2f57c046f8ef63d4538ebb936000f3c9ee954a27460dd865 1
1 1 1 1 0 0 3f11ad6bbc7ecca0b2416b713dee77f1a635c00aaeaa946e14cde1c2bfae56d5 8
2 2 1 0 1 0 a7c6882a45dbaefd37c17f1da98fee82c0ba4fa5d79908d624741725ff887328 114
3 3 2 1 1 0 41c7377d32ec1399a20abc044654456b198e016df0a5576eff22e33eecb53b0d 1599
4 5 3 1 2 0 eb90fc2a0b6c527f0b7600cc2dac8af8ab9bd319cf98461ef98ddf98d742c1b2 27984
5 7 4 1 3 0 932ec3d7468e88aa5266a9a246fd47cabff8186275dcc4096311ace8aacf7ee2 509299
6 11 6 1 5 0 8a4fcd79834f0989a542013c2a74ff1b80db0e16499414959190f05bb3ec4590 10420778
7 15 8 1 7 0 ba15bc7b5530eaecc86eca22c553f5c4fd7e5b657bf7c65f364f10402cb3b944 222673081
8 22 12 2 10 0 9bf4097774df47ee5d0d62b41dd7e207f26e335281efda2b46ada0e3aa10fa89 5132948493
9 30 16 2 14 0 0e548fa6a8228c94df6f7adb0464715120d700b53e9c1174b614b2edb33ea91e 123216952035
10 42 22 2 20 0 a9717f00a571b923951d48e42381eed555fd13102821dfb12fbcd5ac4a3848ed 3126121145119
11 56 29 2 27 0 711c6c7308a72c3ac3539f7a142db98686660f4f168f21ab72840877f1fcd818 82258592213189
12 77 40 3 37 0 5a032891ed6cb5cc3ab5be9d956700d79913d2777d0cf6e50673c856971d48d4 2260777478569792
13 101 52 3 49 0 e6e04d6b27137642c6256f0d96aeab61da33712b6ce1d4641cfbd710d1e11070 64193220597644211
14 135 69 3 66 0 4e5a6b0b8e61dd8bd8ed394362c7a04e34093525b3fb690b668401cf5a269a44 1889461243875258832
15 176 90 4 86 0 b6205c9754e7eee894fbec044071bcf3aa0a384369222560b288456eed704a35 1922380254048900406
16 231 118 5 113 0 3fb62ab59b3403c9f64ba6f49a7298073c343475bdb7b7aa229b12ef707d7772 253782084553653727
17 297 151 5 146 0 b3347a9ce1bfd5ac11d7bc4fd69a5807824e9bbfc9e5fff7a51f91d7260bc172 782242614681403736
18 385 195 5 190 0 6b09e2f2435fc47f731b040884a9dd02a1a36d5a6a0b1da536bffc5026042e22 1366789721438723553
19 490 248 6 242 0 03b7d601e0396653818179f4ad9b4272d050d828da1813be19749353c9f19bb7 980673294467909573
20 627 317 7 310 0 326b5b820dc821810625d1b5d604236c8192727f77a54f53c3129f23484ea4b4 153595420338191684
21 792 400 8 392 0 c32d4fbc2e34adfdd7e7937e90b728a38690887a22343e93dafbd9a27d3340e3 306280355564114013
22 1002 505 8 497 0 225932b7e9ea6650ac1e16c1705a55a1fe975a84d952fa5c66ca6a10b8b153a1 1831427116923885425
23 1255 632 9 623 0 f205cb709eb4585174f8a94de6bb6f865290c45f7ea338323b03cfdfae62ae59 616274739371896940
24 1575 793 11 782 0 aaca85a064ffe3088e9f6e52d4994fc68a6397fec78aa57d76a867bcdf4584b1 2125805669279474676
25 1958 985 12 973 0 5649fd9be53c83106a9ad02886ae1f48db23553963bee55a026fdd46b59eed46 2133690765788453022
26 2436 1224 12 1212 0 34711d2a0e4c28cc832a3f90ca015d5d46f1fc7e2867d3f152ab092aba493aac 451427334668990646
27 3010 1512 14 1498 0 03ffd5e33bc9e084830105b932d018a940478c4dbffc13a024dc04a773d7eb3c 1995720202717185660
28 3718 1867 16 1851 0 067449c7399c8f36f889379b84a951d6a40bc23d7a2b2663cdb239734af31cba 38450365757864749
29 4565 2291 17 2274 0 477ea8cea5d6b52278b4ddaa6e8a857c69c878988516acbf967d89ca00e0f501 2013683290286281288
30 5604 2811 18 2793 0 2d6eff9ecd225d620270234a693d712ef4ec8a5eb590fdb2292ea3b3a8faab5c 2256272504203865836
31 6842 3431 20 3411 0 ce82d3c9d895ce43c4d1516356bfd96080d10d864aad59e6a7545dea48300702 1776432364215639134
32 8349 4186 23 4163 0 fe0bf420872bf9e53c306f38a317554fbade62c82851a85ef327ad4f706101e3 1511883852783721810
33 10143 5084 25 5059 0 ca113aedd93ce652982f85c51a3a9c7241c23fd16a1a93d5173731883a90730f 408684443524747020
34 12310 6168 26 6142 0 40fab857c3d51c8d72f720212c08696e9d56642139fc1c2465f779b9df90e131 850919154914257675
35 14883 7456 29 7427 0 aceef2fa107593566988900c00cefa3a6c1bf768bfde06b7a6f50c8c3cd9f3d0 448612900815116345
36 17977 9005 33 8972 0 94042915b26198201b2d5d781cdb9a352b925e510d3b06f131d5317015db94b5 172615589627799341
37 21637 10836 35 10801 0 21f813521363ff79ef133f29574ea18d6bdf8fb741be360232ffa124b13616ce 1429326353892471104
38 26015 13026 37 12989 0 319004975da497e1ac7c0428f198605fb0afce31a20037d7f1ba820270da46ab 1290567302857411908
39 31185 15613 41 15572 0 3074cffe3ae2212676bf985ba2652426aee1be9edc32011f595b9192a3f7ef91 67006514382270389
40 37338 18692 46 18646 0 d3e1136eb6d586a2780b958c36cdaf09299591159465095ef5ef0835ed64e53b 2037571763665077570
41 44583 22316 49 22267 0 dd3c53366190aa9d6cd7907727cf37f57699c25414bc14653fb1591c9e9100ed 1369938363235200040
42 53174 26613 52 26561 0 f869c32d376af2e315f2f4c933e28b3abcfcaa107d423011bf02beab6ccf7d5b 577640239776089963
43 63261 31659 57 31602 0 e005a68bf5b5610b1e7282eabec0926e06216d7d93d6d122e53ff90d33ecce7c 299387188710437630
44 75175 37619 63 37556 0 d7f96ec8e13517d1569283e4add69d4d71acc635edb4249532cad34dd7952d0e 523193383128183659
45 89134 44601 68 44533 0 898a41d50339c4bd69fc1c236f9b77acda3bf9dc6ccc14ed84e18928869962f6 1568118061668171670
46 105558 52815 72 52743 0 d09e3d6838bf94fa4e5517edf871e655a8bc1409d146b92149d0ac2fc58305b3 2186807481195982719
47 124754 62416 78 62338 0 e699be410db988f06168105e740294d42ca70e0c56edaf07704aa69d13ba544f 717254942664708874
48 147273 73680 87 73593 0 9806799e70a3a3183fb21f40a6eac067111d32e0407d465847350dd9c60123c5 185996569193064764
49 173525 86809 93 86716 0 a77e595459f82a4deef7d7d84ae4ae436f5a5d2f532e84ed77fcf5c98a513cd9 944376163414508813
50 204226 102162 98 102064 0 d03bad7523a2d8c94bdc02415f762a1cf8d6aadcd5b07b1b443fb80c1abe16e5 1364444582561564424
51 239943 120025 107 119918 0 e5b310d2444abeed772fb5961065d4c44e427394e203627d8374ad24b0729ab4 1497092554795323246
52 281589 140853 117 140736 0 8a4782a69155958dea61d5a09e9b9266575042d6ce03baa21e9b58c02543ed23 993318227069050624
53 329931 165028 125 164903 0 2936129e5318ca6f5331281bab128e1c74526f2be3d72fdf1cb4f390684e310d 343918078233676364
54 386155 193144 133 193011 0 753606420eaf83599aac174a3a54da82826d751409b2235a9d0181e629b97d98 1664499700913381974
55 451276 225710 144 225566 0 71f13e3395fa24220681360892085d1812e4314b6decc3f9edd751ec3fe9772f 86176838774455955
56 526823 263490 157 263333 0 5f8b9f6508073d2a71ce9e0a06c124b049905cba1711fb90b8466e5208fb8cc1 1331140527110940103
57 614154 307161 168 306993 0 16104a55461054e2142c0356e1ab8072e19275c64599e55b864693017ebc85eb 863828840364389349
58 715220 357699 178 357521 0 9080f7853d9873ef04e913d494021147e6c6d3dcb635260de2517d1453455b22 389964313524529146
59 831820 416006 192 415814 0 e97e6cac799611325e0ff5912013c7ff004327c798616beb61447f6e17568dad 39993952696372714
60 966467 483338 209 483129 0 75aac5d70f3ef084b3197abcb53c24d6938f5d03140554553b1e9cea08c731c4 871954131624231608
