all partitions n<=14: 508 checked, 0 mismatches
ok (9, 4, 3, 2, 1, 1)
ok (7, 3, 3, 2, 2, 2, 1)
ok (4, 4, 3, 2, 2, 1, 1, 1, 1, 1)
ok (4, 4, 4, 4, 2, 1, 1)
ok (5, 4, 2, 2, 2, 2, 2, 1)
ok (6, 3, 1, 1, 1, 1, 1, 1, 1, 1, 1, 1, 1, 1)
ok (10, 4, 2, 2, 1, 1, 1)
ok (9, 4, 4, 2, 2)
ok (10, 4, 3, 3, 1)
ok (7, 4, 3, 2, 2, 2, 1)
ok (4, 3, 1, 1, 1, 1, 1, 1, 1, 1, 1, 1, 1, 1, 1, 1, 1)
ok (7, 7, 4, 2, 1, 1)
ok (3, 1, 1, 1, 1, 1, 1, 1, 1, 1, 1, 1, 1, 1, 1, 1, 1, 1, 1, 1)
ok (4, 4, 4, 4, 4, 1, 1)
ok (15, 4, 2, 1)
ok (6, 5, 4, 4, 3, 1)
ok (11, 4, 2, 1, 1, 1, 1, 1, 1)
ok (7, 3, 2, 2, 2, 1, 1, 1, 1, 1, 1, 1)
ok (8, 4, 4, 1, 1, 1, 1, 1, 1, 1)
ok (7, 3, 3, 1, 1, 1, 1, 1, 1, 1, 1, 1, 1)
ok (11, 5, 3, 2, 1, 1, 1)
ok (9, 6, 5, 1, 1, 1, 1)
ok (5, 5, 5, 2, 2, 2, 2, 1)
ok (13, 4, 3, 2, 1, 1)
ok (6, 4, 2, 1, 1, 1, 1, 1, 1, 1, 1, 1, 1, 1, 1)
total 533 checked, 0 mismatches
