# truncated up-census (s_0..s_14) of all strict partitions of n <= 40  [0.9s DP]
# n  q(n)  #distinct_censuses  #collision_groups  K_n(smallest K separating all strict partitions of n)  max_s_K
0 1 1 0 0 25651
1 1 1 0 0 78483
2 1 1 0 0 250487
3 2 2 0 1 542415
4 2 2 0 5 915424
5 3 3 0 4 1853438
6 4 4 0 2 3603396
7 5 5 0 4 6621905
8 6 6 0 4 9503563
9 8 8 0 4 15578632
10 10 10 0 4 21141906
11 12 12 0 4 29487516
12 15 15 0 5 47111512
13 18 18 0 6 78385951
14 22 22 0 6 104684522
15 27 27 0 6 152710101
16 32 32 0 5 190803620
17 38 38 0 6 245285047
18 46 46 0 5 326852013
19 54 54 0 6 411308616
20 64 64 0 7 514097995
21 76 76 0 6 756273283
22 89 89 0 7 967227579
23 104 104 0 8 1334525237
24 122 122 0 7 1614095652
25 142 142 0 8 1910581556
26 165 165 0 9 2412980823
27 192 192 0 8 2878477601
28 222 222 0 9 3433780699
29 256 256 0 10 3814150167
30 296 296 0 9 4626304428
31 340 340 0 10 5877047234
32 390 390 0 11 7273446478
33 448 448 0 10 9702253906
34 512 512 0 11 11453510994
35 585 585 0 12 13011541221
36 668 668 0 11 16061099894
37 760 760 0 12 18712467525
38 864 864 0 13 20925690095
39 982 982 0 12 23113116293
40 1113 1113 0 13 26705797025
within-size collisions: NONE for all n <= 40, K = 14
cross-size collisions (equal truncated census, different |lam|, all |lam| <= 40): 158; examples: [[(15,), (16,), (17,), (18,), (19,), (20,), (21,), (22,), (23,), (24,), (25,), (26,), (27,), (28,), (29,), (30,), (31,), (32,), (33,), (34,), (35,), (36,), (37,), (38,), (39,), (40,)], [(16, 1), (17, 1), (18, 1), (19, 1), (20, 1), (21, 1), (22, 1), (23, 1), (24, 1), (25, 1), (26, 1), (27, 1), (28, 1), (29, 1), (30, 1), (31, 1), (32, 1), (33, 1), (34, 1), (35, 1), (36, 1), (37, 1), (38, 1), (39, 1)], [(17, 2), (18, 2), (19, 2), (20, 2), (21, 2), (22, 2), (23, 2), (24, 2), (25, 2), (26, 2), (27, 2), (28, 2), (29, 2), (30, 2), (31, 2), (32, 2), (33, 2), (34, 2), (35, 2), (36, 2), (37, 2), (38, 2)], [(17, 2, 1), (18, 2, 1), (19, 2, 1), (20, 2, 1), (21, 2, 1), (22, 2, 1), (23, 2, 1), (24, 2, 1), (25, 2, 1), (26, 2, 1), (27, 2, 1), (28, 2, 1), (29, 2, 1), (30, 2, 1), (31, 2, 1), (32, 2, 1), (33, 2, 1), (34, 2, 1), (35, 2, 1), (36, 2, 1), (37, 2, 1)], [(18, 3), (19, 3), (20, 3), (21, 3), (22, 3), (23, 3), (24, 3), (25, 3), (26, 3), (27, 3), (28, 3), (29, 3), (30, 3), (31, 3), (32, 3), (33, 3), (34, 3), (35, 3), (36, 3), (37, 3)]]
K_n table: 0:0 1:0 2:0 3:1 4:5 5:4 6:2 7:4 8:4 9:4 10:4 11:4 12:5 13:6 14:6 15:6 16:5 17:6 18:5 19:6 20:7 21:6 22:7 23:8 24:7 25:8 26:9 27:8 28:9 29:10 30:9 31:10 32:11 33:10 34:11 35:12 36:11 37:12 38:13 39:12 40:13
max K_n over n <= 40: 13
time 0.9s
