# truncated up-census (s_0..s_21) of all strict partitions of n <= 60  [28.5s DP]
# n  q(n)  #distinct_censuses  #collision_groups  K_n(smallest K separating all strict partitions of n)  max_s_K
0 1 1 0 0 116866283
1 1 1 0 0 428464743
2 1 1 0 0 1600474365
3 2 2 0 1 4074487620
4 2 2 0 5 7944169303
5 3 3 0 4 18702114557
6 4 4 0 2 41623048684
7 5 5 0 4 87610822970
8 6 6 0 4 142562571613
9 8 8 0 4 264926182696
10 10 10 0 4 403407785090
11 12 12 0 4 632538878232
12 15 15 0 5 1133177022973
13 18 18 0 6 2083028171667
14 22 22 0 6 3112794283894
15 27 27 0 6 5042092391776
16 32 32 0 5 6932039393147
17 38 38 0 6 9836877214578
18 46 46 0 5 14430703349602
19 54 54 0 6 19834751264581
20 64 64 0 7 26886925137878
21 76 76 0 6 42012551639700
22 89 89 0 7 59684517987168
23 104 104 0 8 90311652624149
24 122 122 0 7 119032309285307
25 142 142 0 8 153001752154404
26 165 165 0 9 208555524357077
27 192 192 0 8 266904255857647
28 222 222 0 9 344667440387635
29 256 256 0 10 407020272412159
30 296 296 0 9 531674700534674
31 340 340 0 10 696344774612323
32 390 390 0 11 922566287093507
33 448 448 0 10 1340572949966311
34 512 512 0 11 1715264458639081
35 585 585 0 12 2096136619137770
36 668 668 0 11 2759604121882849
37 760 760 0 12 3447084579576474
38 864 864 0 13 4112778494786715
39 982 982 0 12 4758149156852942
40 1113 1113 0 13 5814618596247873
41 1260 1260 0 14 7194550394636803
42 1426 1426 0 13 8893161257165360
43 1610 1610 0 14 10164681533865987
44 1816 1816 0 15 12077690115814318
45 2048 2048 0 14 16164731966099389
46 2304 2304 0 15 20185489985107906
47 2590 2590 0 16 23941423332857648
48 2910 2910 0 15 30840070612730474
49 3264 3264 0 16 37758977156142547
50 3658 3658 0 17 43293370847669747
51 4097 4097 0 16 48030937910809484
52 4582 4582 0 17 58810016352147732
53 5120 5120 0 18 71374706512994698
54 5718 5718 0 17 82446839434516166
55 6378 6378 0 18 93365133790706461
56 7108 7108 0 19 103176988800316004
57 7917 7917 0 18 116743732319003942
58 8808 8808 0 19 137298904763994471
59 9792 9792 0 20 165400259348487083
60 10880 10880 0 19 196253007635388081
within-size collisions: NONE for all n <= 60, K = 21
cross-size collisions (equal truncated census, different |lam|, all |lam| <= 60): 921; examples: [[(22,), (23,), (24,), (25,), (26,), (27,), (28,), (29,), (30,), (31,), (32,), (33,), (34,), (35,), (36,), (37,), (38,), (39,), (40,), (41,), (42,), (43,), (44,), (45,), (46,), (47,), (48,), (49,), (50,), (51,), (52,), (53,), (54,), (55,), (56,), (57,), (58,), (59,), (60,)], [(23, 1), (24, 1), (25, 1), (26, 1), (27, 1), (28, 1), (29, 1), (30, 1), (31, 1), (32, 1), (33, 1), (34, 1), (35, 1), (36, 1), (37, 1), (38, 1), (39, 1), (40, 1), (41, 1), (42, 1), (43, 1), (44, 1), (45, 1), (46, 1), (47, 1), (48, 1), (49, 1), (50, 1), (51, 1), (52, 1), (53, 1), (54, 1), (55, 1), (56, 1), (57, 1), (58, 1), (59, 1)], [(24, 2), (25, 2), (26, 2), (27, 2), (28, 2), (29, 2), (30, 2), (31, 2), (32, 2), (33, 2), (34, 2), (35, 2), (36, 2), (37, 2), (38, 2), (39, 2), (40, 2), (41, 2), (42, 2), (43, 2), (44, 2), (45, 2), (46, 2), (47, 2), (48, 2), (49, 2), (50, 2), (51, 2), (52, 2), (53, 2), (54, 2), (55, 2), (56, 2), (57, 2), (58, 2)], [(24, 2, 1), (25, 2, 1), (26, 2, 1), (27, 2, 1), (28, 2, 1), (29, 2, 1), (30, 2, 1), (31, 2, 1), (32, 2, 1), (33, 2, 1), (34, 2, 1), (35, 2, 1), (36, 2, 1), (37, 2, 1), (38, 2, 1), (39, 2, 1), (40, 2, 1), (41, 2, 1), (42, 2, 1), (43, 2, 1), (44, 2, 1), (45, 2, 1), (46, 2, 1), (47, 2, 1), (48, 2, 1), (49, 2, 1), (50, 2, 1), (51, 2, 1), (52, 2, 1), (53, 2, 1), (54, 2, 1), (55, 2, 1), (56, 2, 1), (57, 2, 1)], [(25, 3), (26, 3), (27, 3), (28, 3), (29, 3), (30, 3), (31, 3), (32, 3), (33, 3), (34, 3), (35, 3), (36, 3), (37, 3), (38, 3), (39, 3), (40, 3), (41, 3), (42, 3), (43, 3), (44, 3), (45, 3), (46, 3), (47, 3), (48, 3), (49, 3), (50, 3), (51, 3), (52, 3), (53, 3), (54, 3), (55, 3), (56, 3), (57, 3)]]
K_n table: 0:0 1:0 2:0 3:1 4:5 5:4 6:2 7:4 8:4 9:4 10:4 11:4 12:5 13:6 14:6 15:6 16:5 17:6 18:5 19:6 20:7 21:6 22:7 23:8 24:7 25:8 26:9 27:8 28:9 29:10 30:9 31:10 32:11 33:10 34:11 35:12 36:11 37:12 38:13 39:12 40:13 41:14 42:13 43:14 44:15 45:14 46:15 47:16 48:15 49:16 50:17 51:16 52:17 53:18 54:17 55:18 56:19 57:18 58:19 59:20 60:19
max K_n over n <= 60: 20
time 28.7s
